usr (max)
adblock: [-4.0, 5.778, -5.762, 4.855, 9.35] ---- [-0.824, -0.616]
ublock: [-1.0, 8.125, -1.401, 3.46, 6.659] ---- [-0.289, -0.21]
privacy-badger: [-6.16, 4.154, -7.669, 5.16, 9.291] ---- [-1.194, -0.825]
decentraleyes: [-5.895, 3.864, -7.29, 5.025, 8.688] ---- [-1.173, -0.839]
disconnect: [-5.0, 6.027, -5.355, 4.735, 7.892] ---- [-1.056, -0.679]
ghostery: [-6.38, 4.095, -9.205, 5.965, 11.261] ---- [-1.07, -0.817]
https: [0.275, 8.627, 0.371, 2.86, 5.719] ---- [0.096, 0.065]
noscript: [-4.24, 9.0, -5.08, 5.595, 9.851] ---- [-0.758, -0.516]
scriptsafe: [-10.0, 5.555, -10.489, 6.0, 10.414] ---- [-1.667, -1.007]
canvas-antifp: [0.065, 7.875, 0.201, 2.775, 5.514] ---- [0.023, 0.036]
adguard: [-4.0, 6.149, -5.826, 4.79, 9.43] ---- [-0.835, -0.618]
user-agent: [0.805, 10.348, 0.806, 2.915, 6.324] ---- [0.276, 0.127]

usr (avg)
adblock: [0.416, 14.309, -0.432, 6.138, 10.376] ---- [0.068, -0.042]
ublock: [-2.069, 7.144, -3.596, 4.218, 8.467] ---- [-0.491, -0.425]
privacy-badger: [-9.574, 1.225, -10.334, 5.421, 8.943] ---- [-1.766, -1.156]
decentraleyes: [-8.588, 1.709, -9.299, 4.467, 7.964] ---- [-1.923, -1.168]
disconnect: [-2.417, 10.052, -3.187, 5.739, 9.118] ---- [-0.421, -0.35]
ghostery: [-10.314, 2.391, -10.632, 5.676, 9.616] ---- [-1.817, -1.106]
https: [1.225, 8.949, 1.319, 2.295, 5.685] ---- [0.534, 0.232]
noscript: [-10.034, 6.778, -10.712, 8.897, 12.15] ---- [-1.128, -0.882]
scriptsafe: [-16.8, 2.264, -16.675, 8.895, 12.134] ---- [-1.889, -1.374]
canvas-antifp: [0.119, 7.75, 0.267, 2.153, 5.651] ---- [0.055, 0.047]
adguard: [-6.2, 6.619, -6.63, 5.052, 9.392] ---- [-1.227, -0.706]
user-agent: [1.866, 10.304, 1.656, 2.568, 6.683] ---- [0.727, 0.248]

sys (max)
adblock: [-3.435, 6.319, -3.456, 3.475, 6.633] ---- [-0.988, -0.521]
ublock: [-1.26, 6.585, -1.602, 3.54, 5.842] ---- [-0.356, -0.274]
privacy-badger: [-1.145, 7.541, -1.414, 3.51, 6.377] ---- [-0.326, -0.222]
decentraleyes: [0.0, 8.379, -0.317, 3.665, 6.006] ---- [0.0, -0.053]
disconnect: [-3.0, 5.94, -3.392, 3.46, 6.152] ---- [-0.867, -0.551]
ghostery: [-5.725, 3.79, -5.954, 3.985, 6.754] ---- [-1.437, -0.882]
https: [-0.99, 6.979, -0.807, 3.11, 5.298] ---- [-0.318, -0.152]
noscript: [-2.535, 6.326, -2.873, 3.965, 6.505] ---- [-0.639, -0.442]
scriptsafe: [-1.735, 7.141, -2.163, 3.735, 6.538] ---- [-0.465, -0.331]
canvas-antifp: [0.0, 7.74, 0.02, 3.23, 5.334] ---- [0.0, 0.004]
adguard: [-3.735, 6.0, -4.009, 3.995, 6.521] ---- [-0.935, -0.615]
user-agent: [-0.31, 7.722, -0.307, 3.31, 5.17] ---- [-0.094, -0.059]

sys (avg)
adblock: [-0.102, 4.274, -0.39, 1.812, 3.462] ---- [-0.056, -0.113]
ublock: [-0.771, 2.687, -1.198, 1.516, 3.074] ---- [-0.509, -0.39]
privacy-badger: [-1.452, 2.615, -1.89, 1.817, 3.299] ---- [-0.799, -0.573]
decentraleyes: [-1.205, 2.661, -1.414, 1.592, 3.036] ---- [-0.757, -0.466]
disconnect: [-1.047, 2.959, -1.407, 1.782, 3.256] ---- [-0.588, -0.432]
ghostery: [-3.22, 1.549, -3.526, 2.117, 3.643] ---- [-1.521, -0.968]
https: [0.291, 3.726, 0.338, 1.155, 2.435] ---- [0.252, 0.139]
noscript: [-1.634, 3.071, -2.101, 2.067, 3.717] ---- [-0.791, -0.565]
scriptsafe: [-2.732, 1.864, -3.097, 2.222, 3.73] ---- [-1.23, -0.83]
canvas-antifp: [-0.024, 3.277, 0.064, 1.196, 2.439] ---- [-0.02, 0.026]
adguard: [-2.475, 2.33, -2.761, 2.206, 3.686] ---- [-1.122, -0.749]
user-agent: [0.214, 3.816, 0.116, 1.288, 2.627] ---- [0.166, 0.044]

load_time
(in seconds)
adblock: [0.0, 6490.5, 84.518, 817.0, 6599.332] ---- [0.0, 0.013]
ublock: [-286.5, 1170.7, -1498.944, 651.5, 5836.059] ---- [-0.44, -0.257]
privacy-badger: [-180.0, 5836.0, -631.042, 851.0, 6427.074] ---- [-0.212, -0.098]
decentraleyes: [-118.5, 6571.15, 146.49, 745.0, 5737.816] ---- [-0.159, 0.026]
disconnect: [-147.0, 5060.5, -566.556, 946.0, 6097.17] ---- [-0.155, -0.093]
ghostery: [-336.5, 4985.8, -837.405, 963.0, 6379.462] ---- [-0.349, -0.131]
https: [85.0, 2652.5, 45.933, 338.0, 4218.152] ---- [0.251, 0.011]
noscript: [-1005.0, 809.15, -2565.531, 1164.5, 5947.105] ---- [-0.863, -0.431]
scriptsafe: [-1511.5, 281.35, -3101.144, 1368.5, 6016.411] ---- [-1.104, -0.515]
canvas-antifp: [-2.0, 2574.5, 47.816, 295.0, 4020.702] ---- [-0.007, 0.012]
adguard: [49.0, 6005.5, -100.489, 853.0, 6182.771] ---- [0.057, -0.016]
user-agent: [115.0, 3979.0, 314.292, 451.0, 4883.673] ---- [0.255, 0.064]

data_usage
(in MB)
adblock: [0.0, 0.248, 0.205, 0.009, 5.449] ---- [0.0, 0.038]
ublock: [0.0, 0.234, -0.3, 0.008, 6.618] ---- [0.0, -0.045]
privacy-badger: [0.0, 0.311, -0.086, 0.009, 4.071] ---- [0.0, -0.021]
decentraleyes: [0.0, 0.305, 0.157, 0.011, 7.468] ---- [0.0, 0.021]
disconnect: [0.0, 0.328, -0.062, 0.012, 2.451] ---- [0.0, -0.025]
ghostery: [0.0, 0.407, -0.016, 0.014, 2.014] ---- [0.0, -0.008]
https: [0.0, 0.401, -0.09, 0.014, 2.326] ---- [0.0, -0.039]
noscript: [0.0, 0.463, -0.051, 0.014, 6.637] ---- [0.0, -0.008]
scriptsafe: [0.0, 0.454, 0.066, 0.012, 8.997] ---- [0.0, 0.007]
canvas-antifp: [0.0, 0.643, 0.039, 0.016, 3.651] ---- [0.0, 0.011]
adguard: [0.0, 0.637, -0.165, 0.015, 4.656] ---- [0.0, -0.035]
user-agent: [0.002, 0.999, -0.326, 0.085, 5.153] ---- [0.024, -0.063]

RAM_usage_max
(in MB)
adblock: [315.55, 456.115, 269.159, 69.4, 215.43] ---- [4.547, 1.249]
ublock: [74.5, 181.25, 7.525, 31.6, 206.72] ---- [2.358, 0.036]
privacy-badger: [118.7, 192.13, 42.536, 44.6, 207.479] ---- [2.661, 0.205]
decentraleyes: [79.6, 159.18, 20.72, 42.4, 163.765] ---- [1.877, 0.127]
disconnect: [215.2, 285.98, 139.245, 41.5, 205.451] ---- [5.186, 0.678]
ghostery: [138.15, 213.425, 64.978, 40.55, 206.385] ---- [3.407, 0.315]
https: [81.75, 259.895, 82.176, 26.65, 112.418] ---- [3.068, 0.731]
noscript: [18.2, 74.7, -78.424, 28.15, 218.971] ---- [0.647, -0.358]
scriptsafe: [16.85, 39.015, -90.541, 20.95, 221.049] ---- [0.804, -0.41]
canvas-antifp: [9.9, 186.375, 12.5, 28.2, 102.609] ---- [0.351, 0.122]
adguard: [180.8, 316.4, 146.111, 63.9, 203.858] ---- [2.829, 0.717]
user-agent: [11.1, 190.01, 17.395, 22.7, 144.662] ---- [0.489, 0.12]

RAM_usage_avg
(in MB)
adblock: [200.438, 291.865, 185.678, 39.629, 115.209] ---- [5.058, 1.612]
ublock: [47.233, 94.491, 24.922, 19.867, 101.582] ---- [2.377, 0.245]
privacy-badger: [75.125, 124.568, 53.334, 23.95, 103.619] ---- [3.137, 0.515]
decentraleyes: [51.292, 95.612, 38.49, 20.183, 80.393] ---- [2.541, 0.479]
disconnect: [150.188, 218.837, 132.392, 31.078, 107.31] ---- [4.833, 1.234]
ghostery: [112.187, 159.688, 90.08, 25.188, 102.343] ---- [4.454, 0.88]
https: [70.967, 148.129, 72.501, 21.738, 67.239] ---- [3.265, 1.078]
noscript: [9.367, 46.793, -21.477, 19.6, 107.375] ---- [0.478, -0.2]
scriptsafe: [10.2, 42.531, -24.114, 20.35, 109.157] ---- [0.501, -0.221]
canvas-antifp: [9.533, 74.187, 9.584, 16.483, 46.917] ---- [0.578, 0.204]
adguard: [134.662, 209.221, 119.847, 31.462, 104.47] ---- [4.28, 1.147]
user-agent: [10.375, 79.063, 14.153, 15.108, 91.511] ---- [0.687, 0.155]

JSHeapSizeUsed
(in MB)
adblock: [-2.259, 2.994, -6.844, 3.095, 12.82] ---- [-0.73, -0.534]
ublock: [-2.794, 5.149, -7.042, 3.674, 21.45] ---- [-0.76, -0.328]
privacy-badger: [-3.482, 1.788, -8.145, 3.7, 14.023] ---- [-0.941, -0.581]
decentraleyes: [-2.303, 2.183, -6.546, 2.654, 11.314] ---- [-0.868, -0.579]
disconnect: [-3.948, 2.902, -8.46, 5.15, 14.772] ---- [-0.767, -0.573]
ghostery: [-3.659, 2.31, -8.784, 4.198, 15.182] ---- [-0.872, -0.579]
https: [-0.0, 8.632, -0.219, 0.621, 7.667] ---- [-0.0, -0.029]
noscript: [-10.87, 1.295, -18.437, 8.989, 27.794] ---- [-1.209, -0.663]
scriptsafe: [-8.695, 4.949, -15.768, 9.392, 27.754] ---- [-0.926, -0.568]
canvas-antifp: [0.479, 9.001, 0.551, 0.924, 8.221] ---- [0.518, 0.067]
adguard: [-1.587, 3.496, -6.263, 3.339, 13.223] ---- [-0.475, -0.474]
user-agent: [-0.002, 8.741, -0.338, 0.58, 7.596] ---- [-0.003, -0.044]

#frames
adblock: [0.0, 0.667, -4.826, 0.083, 15.208] ---- [0.0, -0.317]
ublock: [0.0, 2.333, -0.177, 0.0, 3.786] ---- [0.0, -0.047]
privacy-badger: [-1.0, 0.0, -7.846, 1.0, 18.331] ---- [-1.0, -0.428]
decentraleyes: [0.0, 2.333, -0.111, 0.0, 3.725] ---- [0.0, -0.03]
disconnect: [-0.667, 0.0, -7.784, 0.667, 18.034] ---- [-1.0, -0.432]
ghostery: [0.0, 2.317, -0.404, 0.0, 5.038] ---- [0.0, -0.08]
https: [0.0, 2.667, -0.182, 0.0, 4.169] ---- [0.0, -0.044]
noscript: [-3.0, 2.0, -9.98, 3.0, 20.481] ---- [-1.0, -0.487]
scriptsafe: [-5.0, 0.0, -11.867, 5.0, 20.444] ---- [-1.0, -0.58]
canvas-antifp: [0.0, 3.333, -0.056, 0.0, 3.94] ---- [0.0, -0.014]
adguard: [0.0, 0.667, -6.777, 0.333, 18.445] ---- [0.0, -0.367]
user-agent: [0.0, 5.0, -0.38, 0.333, 9.317] ---- [0.0, -0.041]

#third_party
adblock: [0.0, 1.0, -40.034, 0.0, 134.026] ---- [0.0, -0.299]
ublock: [-8.0, 0.0, -76.607, 8.0, 179.85] ---- [-1.0, -0.426]
privacy-badger: [-4.0, 0.0, -67.051, 4.0, 170.83] ---- [-1.0, -0.393]
decentraleyes: [0.0, 23.1, 1.662, 0.0, 48.491] ---- [0.0, 0.034]
disconnect: [-4.0, 0.0, -67.193, 4.0, 171.092] ---- [-1.0, -0.393]
ghostery: [0.0, 14.05, -3.369, 0.0, 60.698] ---- [0.0, -0.056]
https: [0.0, 22.0, -0.073, 0.0, 60.481] ---- [0.0, -0.001]
noscript: [-28.0, 0.0, -102.685, 28.0, 194.124] ---- [-1.0, -0.529]
scriptsafe: [-33.0, 0.0, -108.87, 33.0, 196.492] ---- [-1.0, -0.554]
canvas-antifp: [0.0, 20.0, 0.913, 0.0, 49.688] ---- [0.0, 0.018]
adguard: [-1.0, 1.0, -55.895, 1.0, 163.918] ---- [-1.0, -0.341]
user-agent: [0.0, 23.05, 0.808, 0.0, 53.59] ---- [0.0, 0.015]